Filter in this bank: 20
CENTERFREQUENCIES:
219.32
263.75
317.17
381.41
458.66
551.56
663.28
797.63
959.19
1153.5
1387.1
1668.1
2005.9
2412.2
2900.8
3488.4
  4195
5044.7
6066.5
7295.2
/-------------------------------------------------/
Filterband:1
Numerator Length: 7
	0.000273144962630
	-0.001092034346979
	0.001364634066449
	-0.000000000000000
	-0.001364634066449
	0.001092034346979
	-0.000273144962630
Denominator Length: 7
	1.000000000000000
	-5.991436919209805
	14.960140509478695
	-19.926176099313032
	14.932057316474092
	-5.968963768731993
	0.994378962230178
/-------------------------------------------------/
/-------------------------------------------------/
Filterband:2
Numerator Length: 7
	0.000328284941486
	-0.001312191687387
	0.001639529204724
	-0.000000000000000
	-0.001639529204724
	0.001312191687387
	-0.000328284941486
Denominator Length: 7
	1.000000000000000
	-5.988990669453819
	14.949232064898005
	-19.906990432166204
	14.915491635856906
	-5.961986865655931
	0.993244269326055
/-------------------------------------------------/
/-------------------------------------------------/
Filterband:3
Numerator Length: 7
	0.000394511540548
	-0.001576398627895
	0.001969264278600
	-0.000000000000000
	-0.001969264278600
	0.001576398627895
	-0.000394511540548
Denominator Length: 7
	1.000000000000000
	-5.985731942315861
	14.934854985328297
	-19.882042175268658
	14.894328668366786
	-5.953290981392129
	0.991881453757516
/-------------------------------------------------/
/-------------------------------------------------/
Filterband:4
Numerator Length: 7
	0.000474034346182
	-0.001893274822255
	0.002364450737540
	-0.000000000000000
	-0.002364450737540
	0.001893274822255
	-0.000474034346182
Denominator Length: 7
	1.000000000000000
	-5.981355215002893
	14.915749855521058
	-19.849337029915866
	14.867090556214341
	-5.942393207906592
	0.990245066696575
/-------------------------------------------------/
/-------------------------------------------------/
Filterband:5
Numerator Length: 7
	0.000569494844559
	-0.002273006709881
	0.002837539263979
	-0.000000000000000
	-0.002837539263979
	0.002273006709881
	-0.000569494844559
Denominator Length: 7
	1.000000000000000
	-5.975430588767127
	14.890158170120717
	-19.806116725479203
	14.831762451726688
	-5.928654018076328
	0.988280787814694
/-------------------------------------------------/
/-------------------------------------------------/
Filterband:6
Numerator Length: 7
	0.000684047221273
	-0.002727552791211
	0.003402989978632
	0.000000000000000
	-0.003402989978632
	0.002727552791211
	-0.000684047221273
Denominator Length: 7
	1.000000000000000
	-5.967351061238007
	14.855616542624915
	-19.748551895938292
	14.785583186973948
	-5.911220313626776
	0.985923774711657
/-------------------------------------------------/
/-------------------------------------------------/
Filterband:7
Numerator Length: 7
	0.000821452764983
	-0.003270817241975
	0.004077341603972
	0.000000000000000
	-0.004077341603972
	0.003270817241975
	-0.000821452764983
Denominator Length: 7
	1.000000000000000
	-5.956257148262073
	14.808666537934183
	-19.671312571666537
	14.724753619501961
	-5.888946474135664
	0.983096741331393
/-------------------------------------------------/
/-------------------------------------------------/
Filterband:8
Numerator Length: 7
	0.000986189556512
	-0.003918736243691
	0.004879067940559
	-0.000000000000000
	-0.004879067940559
	0.003918736243691
	-0.000986189556512
Denominator Length: 7
	1.000000000000000
	-5.940929223176300
	14.744447968759971
	-19.566972210131581
	14.644032772437395
	-5.860284919697214
	0.979707737285579
/-------------------------------------------------/
/-------------------------------------------------/
Filterband:9
Numerator Length: 7
	0.001183579099203
	-0.004689176750850
	0.005828027719578
	0.000000000000000
	-0.005828027719578
	0.004689176750850
	-0.001183579099203
Denominator Length: 7
	1.000000000000000
	-5.919634028207915
	14.656134256694081
	-19.425191049480382
	14.536184327070359
	-5.823134705608318
	0.975647605260379
/-------------------------------------------------/
/-------------------------------------------------/
Filterband:10
Numerator Length: 7
	0.001419931431586
	-0.005601471346642
	0.006944179364561
	-0.000000000000000
	-0.006944179364561
	0.005601471346642
	-0.001419931431586
Denominator Length: 7
	1.000000000000000
	-5.889906518329222
	14.534160161699432
	-19.231618996794541
	14.391230473132378
	-5.774632938502235
	0.970787104165756
/-------------------------------------------------/
/-------------------------------------------------/
Filterband:11
Numerator Length: 7
	0.001702710058413
	-0.006675284752283
	0.008245019374281
	-0.000000000000000
	-0.008245019374281
	0.006675284752283
	-0.001702710058413
Denominator Length: 7
	1.000000000000000
	-5.848241270093039
	14.365190283184223
	-18.966467784824680
	14.195472559293552
	-5.710869511470823
	0.964973703828712
/-------------------------------------------------/
/-------------------------------------------------/
Filterband:12
Numerator Length: 7
	0.002040717783514
	-0.007928294791551
	0.009740883507496
	-0.000000000000000
	-0.009740883507496
	0.007928294791551
	-0.002040717783514
Denominator Length: 7
	1.000000000000000
	-5.789659129933860
	14.130793958127544
	-18.602749171418381
	13.930261712964782
	-5.626501476169628
	0.958028086042125
/-------------------------------------------------/
/-------------------------------------------------/
Filterband:13
Numerator Length: 7
	0.002444304364196
	-0.009371823509283
	0.011426813412105
	0.000000000000000
	-0.011426813412105
	0.009371823509283
	-0.002444304364196
Denominator Length: 7
	1.000000000000000
	-5.707105331144250
	13.805856019970044
	-18.104304654376346
	13.570575298536600
	-5.514241067709364
	0.949740430744103
/-------------------------------------------------/
/-------------------------------------------------/
Filterband:14
Numerator Length: 7
	0.002925597156134
	-0.011003002466308
	0.013269208967019
	0.000000000000000
	-0.013269208967019
	0.011003002466308
	-0.002925597156134
Denominator Length: 7
	1.000000000000000
	-5.590627521419271
	13.356919308313330
	-17.424041919664795
	13.083631229424833
	-5.364194963856214
	0.939866629958987
/-------------------------------------------------/
/-------------------------------------------------/
Filterband:15
Numerator Length: 7
	0.003498757254744
	-0.012791214430335
	0.015185278685152
	0.000000000000000
	-0.015185278685152
	0.012791214430335
	-0.003498757254744
Denominator Length: 7
	1.000000000000000
	-5.426282588101013
	12.741031059207925
	-16.503367950645725
	12.428152317448156
	-5.163050128900222
	0.928124661413521
/-------------------------------------------------/
/-------------------------------------------------/
Filterband:16
Numerator Length: 7
	0.004180267372316
	-0.014655355661491
	0.017014334363265
	-0.000000000000000
	-0.017014334363265
	0.014655355661491
	-0.004180267372316
Denominator Length: 7
	1.000000000000000
	-5.194744935602109
	11.906440683113054
	-15.274807759225112
	11.555646353896410
	-4.893150014162335
	0.914191473903726
/-------------------------------------------------/
/-------------------------------------------------/
Filterband:17
Numerator Length: 7
	0.004989266237621
	-0.016426978618029
	0.018484706158395
	-0.000000000000000
	-0.018484706158395
	0.016426978618028
	-0.004989266237621
Denominator Length: 7
	1.000000000000000
	-4.869668198844018
	10.797961280613116
	-13.671202747086673
	10.416434127497972
	-4.531614763619958
	0.897700891535724
/-------------------------------------------------/
/-------------------------------------------------/
Filterband:18
Numerator Length: 7
	0.005947961986728
	-0.017793129549266
	0.019193893805200
	0.000000000000000
	-0.019193893805200
	0.017793129549266
	-0.005947961986728
Denominator Length: 7
	1.000000000000000
	-4.416052269759140
	9.372274992289764
	-11.645940987188347
	8.975338862674771
	-4.049884594778766
	0.878243234125724
/-------------------------------------------------/
/-------------------------------------------------/
Filterband:19
Numerator Length: 7
	0.007082191370530
	-0.018213450629406
	0.018652446239196
	-0.000000000000000
	-0.018652446239196
	0.018213450629406
	-0.007082191370530
Denominator Length: 7
	1.000000000000000
	-3.789311091927574
	7.631828621171017
	-9.206467673437405
	7.244637556053846
	-3.414493561831261
	0.855367569216024
/-------------------------------------------------/
/-------------------------------------------------/
Filterband:20
Numerator Length: 7
	0.008422255612176
	-0.016813590151003
	0.016505986251453
	-0.000000000000000
	-0.016505986251453
	0.016813590151003
	-0.008422255612176
Denominator Length: 7
	1.000000000000000
	-2.936637610256952
	5.688227993701492
	-6.450442795751378
	5.342816574051151
	-2.590628034110205
	0.828587738265559
/-------------------------------------------------/
